48


48


55
59
48


48


48
59
57


57


55

57


57


57
55
53


53


53
57
55


55


55
59
48


48


55
59
48


48

64
67 55
69 59
48

64 72
48

72
64 55
67 59
48

64 72
48

64 72
48
59
57

69 72
60 62 64 57
62 64 69

60 55

57
69 72

57
60 64 69
62
64 62 60 57
55
69 72 53


60 69 53
64
62
53
60 57
64 71 55


59 62 55
57 62
60
55
64 72 59
48

60 72
48

67 62 64
55
59
48

64 64
67 48
60 64 67 69

55
64 72 59
48

64 72
67 48
60 64 67 69

55
64 72 59
64 48
65
64 64 72
62 48
60 62 64

69 72 55
59
57
62 64 69
62
57
60

69 72 55

57
60 64 69
62
64 62 60 57

69 72
57
55
60 69 53
64
62
53
60
64 71
53
57
59 64 71 55
62
60
55
60
64 72 64
55
59
60 72 48

69
69 64 48
67
67
55
72 64 59
71 48
71

69 64 48
67
69 64
55
59
69 69 48

69 69
48


69 55
59
67 64 48

64 62 60 69 62 64
69 72 48


62 64 72 55
59
57
60
62
69 72 57


64 72 55

57
62
60
69 72 57


69 67 57
55
53


64 67 53
62 67

60 64 53
57
55


64 72 55
62 65

55
60 64 59
48


64 72 48


64 64 55
67 59
69 48


64 72 48


72 55
64 59
67 48


64 72 48


64 72 55
59
48


69 72 48
60 62 64
62 64 69
48
60 59
57

69 72
57

60 64 69
62 55
64 62 60
57
69 72

57
60 69
64
62 57
55
60 53
64 71

53
59 62
57 62
60 53
57
64 72 55


60 72 55


67 62 64 55
59
48


64 64 48
67
60 64 67 69
55
59
64 72 48


64 72 48
67
60 64 67 69
55
59
64 72 48
64
65
64 64 72 48
62
60 62 64
55
69 72 59
48

62 64 69
62 48

60
55
69 72 59
57

60 64 69
62 57
64 62 60

69 72 55

57
60 69
64
62 57

60
64 71 57
55
53
59 64 71
62
60 53

60
64 72 64 53
57
55
60 72

69 55
69 64
67
67 55
59
72 64 48
71
71
48
69 64
67
69 64 55
59
48
69 69

69 69 48


55
69 59
48
67 64

64 62 60 69 62 64 48
69 72

55
62 64 72 59
48

60
62 48
69 72

55
64 72 59
57

62
60 57
69 72

55
69 67
57


57
64 67
62 67
57
60 64 55
53


53
64 72
62 65
53
57
60 64 55


55


55
59
72 72 48

72 72
48


72 72 55
62 62 59
64 64 48
64 64
62 62 60
72 72 48
72 72
71 71 60
69 69 55
69 69 59
48

60
48

71 71 60
55
71 71 59
48

60
48
69
64 60
72 55
65 69 64 59
57

57
57

57
55
69 71 65
57

62 57
62 62 57

57
57
55
53
67 67
53
72 72 53
62 62
64 64 53
72 72 53
57
55

72 72 55
62 62 55
64 64
64 64 55
62 62 55
72 72 59
72 72 48
71 71
69 69
72 69 69 48


55
59
48
71 71
60
71 71 48

60
55
59
69 48
64
72 60
64 69 48

60
55
59
72 57
60
57 62 65 57
57

62 57
62 55

57

67 72 62 57
57

64 57
72 64 57
55
53

69 64 53
67 53
67
53
72 64 53
71 57
71 55

69 64 55
67 55
69 64
55
55
69 69 59
48
69 69

48

69
55
67 64 59
48
64 62 72 69 62 64
69 72
48

62 64 72
55
59
72 48
62
69 72
48

64 72
55
59
62 48
72
69 72
48

67 69 67
55
59
57

64 67
62 67 57

72 64
55

57

64 72
62 65 57


72 64 57
55
53

64 72
62 65 53


60 64 53
57
60 55


55


55
59
48


48


55
59
48


48


55
59
48







