65


65


72
76
65


65


65
76
74


74


72

74


74


74
72
70


70


70
74
72


72


72
76
65


65


72
76
65


65

81
84 72
86 76
65

81 89
65

89
81 72
84 76
65

81 89
65

81 89
65
76
74

86 89
77 79 81 74
79 81 86

77 72

74
86 89

74
77 81 86
79
81 79 77 74
72
86 89 70


77 86 70
81
79
70
77 74
81 88 72


76 79 72
74 79
77
72
81 89 76
65

77 89
65

84 79 81
72
76
65

81 81
84 65
77 81 84 86

72
81 89 76
65

81 89
84 65
77 81 84 86

72
81 89 76
81 65
82
81 81 89
79 65
77 79 81

86 89 72
76
74
79 81 86
79
74
77

86 89 72

74
77 81 86
79
81 79 77 74

86 89
74
72
77 86 70
81
79
70
77
81 88
70
74
76 81 88 72
79
77
72
77
81 89 81
72
76
77 89 65

86
86 81 65
84
84
72
89 81 76
88 65
88

86 81 65
84
86 81
72
76
86 86 65

86 86
65


86 72
76
84 81 65

81 79 77 86 79 81
86 89 65


79 81 89 72
76
74
77
79
86 89 74


81 89 72

74
79
77
86 89 74


86 84 74
72
70


81 84 70
79 84

77 81 70
74
72


81 89 72
79 82

72
77 81 76
65


81 89 65


81 81 72
84 76
86 65


81 89 65


89 72
81 76
84 65


81 89 65


81 89 72
76
65


86 89 65
77 79 81
79 81 86
65
77 76
74

86 89
74

77 81 86
79 72
81 79 77
74
86 89

74
77 86
81
79 74
72
77 70
81 88

70
76 79
74 79
77 70
74
81 89 72


77 89 72


84 79 81 72
76
65


81 81 65
84
77 81 84 86
72
76
81 89 65


81 89 65
84
77 81 84 86
72
76
81 89 65
81
82
81 81 89 65
79
77 79 81
72
86 89 76
65

79 81 86
79 65

77
72
86 89 76
74

77 81 86
79 74
81 79 77

86 89 72

74
77 86
81
79 74

77
81 88 74
72
70
76 81 88
79
77 70

77
81 89 81 70
74
72
77 89

86 72
86 81
84
84 72
76
89 81 65
88
88
65
86 81
84
86 81 72
76
65
86 86

86 86 65


72
86 76
65
84 81

81 79 77 86 79 81 65
86 89

72
79 81 89 76
65

77
79 65
86 89

72
81 89 76
74

79
77 74
86 89

72
86 84
74


74
81 84
79 84
74
77 81 72
70


70
81 89
79 82
70
74
77 81 72


72


72
76
89 89 65

89 89
65


89 89 72
79 79 76
81 81 65
81 81
79 79 77
89 89 65
89 89
88 88 77
86 86 72
86 86 76
65

77
65

88 88 77
72
88 88 76
65

77
65
86
81 77
89 72
82 86 81 76
74

74
74

74
72
86 88 82
74

79 74
79 79 74

74
74
72
70
84 84
70
89 89 70
79 79
81 81 70
89 89 70
74
72

89 89 72
79 79 72
81 81
81 81 72
79 79 72
89 89 76
89 89 65
88 88
86 86
89 86 86 65


72
76
65
88 88
77
88 88 65

77
72
76
86 65
81
89 77
81 86 65

77
72
76
89 74
77
74 79 82 74
74

79 74
79 72

74

84 89 79 74
74

81 74
89 81 74
72
70

86 81 70
84 70
84
70
89 81 70
88 74
88 72

86 81 72
84 72
86 81
72
72
86 86 76
65
86 86

65

86
72
84 81 76
65
81 79 89 86 79 81
86 89
65

79 81 89
72
76
89 65
79
86 89
65

81 89
72
76
79 65
89
86 89
65

84 86 84
72
76
74

81 84
79 84 74

89 81
72

74

81 89
79 82 74


89 81 74
72
70

81 89
79 82 70


77 81 70
74
77 72


72


72
76
65


65


72
76
65


65


72
76
65







