72 64


74
76 67


72
76 60

72

76



74 65


76
77 69
77
76
74
77 62







76 60


77
79 64


76
79 60

76

79



77 62


79
81 65
81
79
77
81 62







79 60


72
74 60
76
77
79
81 65







81 62


74
76 62
78
79
81
83 67







83 64


76
78 64
80
81
83
84 69





83
82
81 65

77

83 67

79

84 60

79

76

72

72 67
74
76
77
79
81
83
84
84 60

79 67

84 60



