60 52


62
64 55


60
64 48

60

64



62 53


64
65 57
65
64
62
65 50







64 48


65
67 52


64
67 48

64

67



65 50


67
69 53
69
67
65
69 50







67 48


60
62 48
64
65
67
69 53







69 50


62
64 50
66
67
69
71 55







71 52


64
66 52
68
69
71
72 57





71
70
69 53

65

71 55

67

72 48

67

64

60

60 55
62
64
65
67
69
71
72
72 48

67 55

72 48



