




48
53
55
57 57

57
53
55 55

57
55 53
53


54
55 54
57
58

58 58
58
55
57
57
58
57 55

55


53
53
60

60
60 57
57
60
62
55
60

57
55 53
53

53
55
57
58
58
58 53
58
60

57 55
55


55


53
53
62

62
58
62

65
62 57
67

64
62 55
60

60
62 57
65

62
60 58
62

60
57 57
60

57
55
55


53
55
57
60
52
62

65
69 53



55
69
69
69
69
69
48
50

48
53
52

50

48

53

52

50


48
50
53
57


58
57

55
57

58

60
60
60 57
57 57
60 57
62 53
57
60 58

57


60
62
63 57
60 57
55
54


60
62
57
58
60
63 60

62 60
60
58
58 57

55



58
60
61 55
57
58
61
60
58
58 57

57 55
57
53
57 57
53
55

57 55
55 53


53
54
55
57
58 54

58
58
55 58
57

58
57 55 57



55
53
53
60

60
60
57
60 57
62

60
55
57
55
53
53
53
55
57
58
58
58
58
60 53

57
55
55



55
53
53
62

62

62
58
65
62
67
57
64
62
60
55
60
62
65
57
62
60
62
58
60
57
60
57
57

55
55

53
55
57
60

62
52
65
69

53


69
69 55
69
69
69


48
50

48
53
52

50

48

53

52

50


48
50
53
57


58
57
57
55
58

60
60
60
57
60 57
62 57
57
60 53
57
58

57
60
62
63
60
57
57
55
54
60
62


57
63 58
60
62 60
60
60
58
58
57

55

58
60
61

55
61 57
60 58

58
58
57 57

55

53


