72

72 53



50



72 55
70
72
62
72 48
72

70
72 53



50



72 55
67
69
70
69 48
69

67
69 53



50



69 55
65
67
69
65 48
65

62
65 53



50



65 55



48

72

72 53



50



72 55
70
72
64
48


70
72 53

72

50



72 55
67
69
70
69 48
69

67
69 53

69

50



69 55
65
67
69
65 48
65

62
65 53

65

53



65 55



57
65
65
65
67 58

67

69 60



65 57



60
65
65
65
67 58

67

69 60



65 57



60
65
65
65
65 61

65

67 51



63 60

64

56
64
64
64
64 55

64

67 59



64 72 60

58

57

72 55

72 53



50



72 55
70
72
62
72 48
72

70
72 53



50



72 55
67
69
70
69 48
69

67
69 53



50



69 55
65
67
69
65 48
65
65

65

50

48

57

65 53



65 69 53




