61 49



68 53



61 58



63
65
66 51



65 49


63 56




56
58



60 56



61 49



63
65
66
65 53



63 51



61 49 56





60 48 53 56
65
68
72
70 48 53 60



60 48 53 56
65
68
72
70 48 53 60



60 48 53 56
65
68
72
70 48 53 60



68

68 49 56


65
68
65
66 51 58



68 48 51





61 49



68 53



61 58



63
65
66 51



65 49


63 56




56
58



60 56



61 49
61 49


63
65
66
65 53



63 51



61 49 56





56
58



60 56



61 49



63
65
66
65 53



63 51



61 49 56

56
58 60



61 58
63
65
66
65 56



63 49



61


53



51










