62 50



65 50

72 48 53





70 50 53



65 50 53

63 51





62 50



62 50

62 50

63 51

65 53

67 51





65 48 53





62 50



65 50

72 48 53





70 50 53



65 50 53

63 51





62 50



65 50

65 48

67 48

69 48

70 58





70 58





72 53


65 53
65 53

69 51

67 51

65 51

62 50



65 48 50

70 58 50





67 51



70 51

72 52



70 52

69 53





65 51





62 50



65 50

72 48 53





70

50 53

65 50 53

63 51





62 50



65 50

65 48

67 48

69 48

70 58 51





70 58 50








