67 55 50 59
66
65
64
65
64
63
62
63
62
61
72
71
70
69
68
67
66 55 50 59
65
64
65
64
63
62
63
62
61
60
59
58
57
56
55
54
53
52
53
52
51
50
55
54
53
52
53
52
51
50
55
54
53
52
51 48 55
56
55
54
55
54
53
52 51
51
52
53
54 48
55
54
53
52 48 55 51
51
56
55
54
55
54
53 51
52
51
52
53 48
54
55
54
53 48 55 51
52
53
52 56 48
51
50
51
52 55 48
53
54
55
56 53 55 59 50
55
54
55
54 51 55 48
53
52
53
52 56 48
51
50
51
52 55 48
53
54
55
57 53 55 59 50
58
59
60
59 52 58 48
58
57
56
61 53 57 48
60
59
60
59 56 48 53
58
57
56
57 53 58 50
58
59
60
59 56 48 53
58
57
56
61
60
59
60
59
58 56 48 53
57
56
57
58 53 50
59
60
59
58 56 48 53
57
58
57
56 58 49 53
55
56
57
58 56 48 53
59
60
61
60 55 58 48 52
59
60
59
58 56 48 53
57
58
57
56 53 58 49
55
56
57
58 53 56 48
59
60
61
60 52 55 58 48
59
60

53 56
48
60 50
48
50
48
61 50
48
49
59
49
59
49
59
49
60 59

48
50
60 48
50
48
50
61 48
49
59
49
59
49
59
49
59
60 48
61
60
59
60 59 49
61
60
59
60 48
61
60 59 49
59
60 58 50
61
60 57 51
59
60 56 52
61
62
63
64
63
62
61
60
61
62
63
64
63
62
61
60

57
53
65 55
53
55
53
64 66 55
53
54
52
54
52
54
52
54
65 52

53
55
65 53
55
53
55
64 66 53
54
52
54
52
54
52
54
52
65 53
66
65
64
65 52 54
66
65
64
65 53
66
65 52 54
64
65 51 55
66
65 50 56
64
65 49 57
66
67
68
69
68
67
66
65
66
67
68
69
68
67
66
65
64
63 49 53 58
62
61
66
65
64
65
64
63
62 49 53 58
61
62
63
64 51 54 58
65
64
63
62 49 53 58
63
62
61
60 57 51 54
61
62
63
64 58 49 53
63
64
65
66 56 48 53
67
66
65
64 55 59
65
64
63
62
63
62
61
72
71
70
69
68
67
68
67
66
67
68
67
66
67
68 55
67
66 51
67
68 48
67
66 56
67
68 48
67
66 51
67
68 55
67
66
67
68 55
67
66 51
67
68 48
67
66 56
67
48

51

55
54
53
52
53
52
51
50
51
50
49
48
59
58
57
56
55
67 56
55
63 54
55
60 56
55
56 54
55
60 56
55
63 54
55
67 56
55
54
55
67 56
55
63 54
55
60 56
55
56 54
55
60 56
55
63 54
55
67 56
55
54
55
56
57
58
59
51 48
52 49
53 50
54
55
56
57
58
59
60
61
62
63
64
65
66
67
68
67
66
67
68
67
66
67
66
65
64
63
68
67 48 55 63
66
67
66
65
64
63
64 63
65
66
67
66 60
65
64
63
68 48 55 63
67
66
67
66
65
64
63
64
65
66
67 60
66
65
64
65 48 55 63
64
63
62 56 60
63
64
65
66 55 60
67
68
67
66 53 55 59 62
67
66
65
64 51 55 60
65
64
63
62 56 60
63
64
65
66 55 60
67
69
70
71 53 55 59 62
72
71
70
69 52 58 60
68
61
72
71 53 56 60
72
71
70
69 56 60 65
68
69
70
71 53 58 62
72
71
70
69 56 60 65
68
61
72
71
72
71
70
69
68 56 60 65
69
70
71
72 53 58 62
71
70
69
70 56 60 65
69
68
67
68 58 61 65
69
70
71
72 56 60 65
61
72
71
72 55 58 60 64
71
70
69
68 56 60 65
69
70
71
72 56 48 53
62
63
65
67 55 48 51
68
67
66
67 55 59 50
66
65
64
63 48 55
68
67 55 51
66
67
66
65
64
63 51
64
65
66
67 48
66
65
64
63 48 55
68
67 55 51
66
67
66
65
64
63 48 51 55
64
65
66
67 57 48 53

71
72
61 48 51 55
62
63
64
65 60
64
63 56
62
63 53
62
61 50
72
71 53
72
61 56
62
63 51 55 60
64
65
66
67
68
67
66
67
68 55 59 53
67
66
67

71
72
61
62
63 48 51 55
64
65
64
63 60
62
63 56
62
61 53
72
71 50
72
61 53
62
63 56
64
65 51 55 60
66
67
68
67
66
67
69
70
71 55 59 53
72
71
70
69
70
69
68
67
68 48 55 63
67
66
65 48 52 62
64
63
62
61 48 53 56
72
71
70
69
70
69
68
67
68 48 55 51
67
66
65 48 52 58
64
63
62
61 48 53 56
60
61
60
59
61
59
61
59
60 48

62

63 59 49

65

67 48
68 48
67 59 58
66 48
68 58
66 48
68 56
66 48
67

67 69

67 70

65 71

63 72
55
55
53
55
56 53
57 55
58 50
59 55
60 48
61
62
63
64
65
66
67
68
69
70
71
72
61
62
63
64
65
66 48 55 51
67
69
70
71
72

48 55 51






60 63 67 72 48 55 51






48 51 55






48


























































































































































































