72 60 64 67 57


71 69
69
67
65
67 62
50 53 57
69

72 69

71
62 65 71

69 67 55 59

65 67
64

71

59
48 52 55 59
70

69 58 48 52 55

60 65 68
67 65 53 56

64
62 56 65

64
62 65 69
65 59

69
65
68 57
69
53
65 64 62
50 56 59
62
60
64

62
60 64 67 69

61 57

62
69
61 69
69
62 65 69 71 49 57
72
50
69 72 50

50

72 62 67

71 53 55 59
72
67

50
60


48 52 55 59




64


59 52

60
65 61 64 69

65 62 69 72 49 57

50 53

65

69 53
62 65 67

55 59
67

65
67

64 60 67 71 55

48
64

52

63 65 69

59

64 68 72
72
64

71 69 60 64 67

67 57
65
69
67

69 62

72
50 53 57
71 69


69 67 62 65 71

65
64
67 55 59


71

59

69 70
48 52 55 59
58
67 65
60 65 68 48 52 55 58
64
62
53 56
64 56 65

65
62 65 69
69

68 59
65

65 64 69
57
62 64
60 53

50 56 59
64

62
61 60 64 67 69

62
69
57
69
61 69

62 65 69 72
69
49 57
72 69
50 57


71 62 65 67

67


55 59


64 67 71 62


59

50 55 59


68 61 64 67 69

69
60

60 57
68

62 65 69 72




60 50 57

62
62 65 67
60



55 59
62

60 64 67 69 62
72


71 69
48 55
67
65
67 62 65 69

69
65 62 64
72
59
71 65 60 64 67

57 50 56 59
69 67
69
65 57
64
62



69

50 53 57
69 62 65 71


67 65
67
64
62
71 55 59
64
59
65
70
69
58
68
60 65 68 48 52 55 59

65 64
48 52 55 58
62 56 65
60
53 56
62 65 69



61 65

62 69 59
69
62 64
69
57

64 53

62 50 56 59
60 64 67 69

72

71

67 61 69
57
62 65 69 71
72

69 72

49 57

62 67 50
50

72 50

59

60 53 55 59
65

65
50



64 48 52 55 59
69



67
61 64 69
65
62 65 69 72 52

64

65
49 57

62 65 67 50 53



53

67
72 55 59
60 64 67 71

71 69
64
67
65 55

67 63 65 69 48

69
52
72 64 68

71
59
60 64 67
69 67

65 64
64 69


62 57



69
69

62 65 71
67 65 50 53 57

64
62 67

64
71
65
59 55
69
70
68
58

65 64 60 68

62 48 52 55 59
60
56 65
48 52 55 58

62 65 69
53 56
61

62 65
69
69
69
62 64 59



64 57
72
62 53
60 64 67 69
50 56 59
71

64

61 69

62 65 69 72
69 57

69



62 65 67 49 57

50 57
72

62
69

69 64 67 71 62

55 59





71 61 64 67 69 59

62 50 55 59

72

72

62 65 69 72
69
57
69



62 65 67


50 57
59

62

60 64 67 69 62


55 59



52



48 55








































