63 60

55
62 72
48
70
68 52

70 53

72 56

63 60

62 59

58
72 70
53
68
67 58

50

51

55

72 58

57
70 68
56
67
65 51

67 48

68 51

72 50

71 51

53
68 67
54
65
63 55

50

55

64 59

65 48
72
55
72
60

54

53
63
60

53
62
59
70
58

58

53

50

51

58

51
62
56
63
68 55

68 59

48

54

72 53

56

70 48

68 57

58
67
53

58

50

51

55

58
63
62

62 72 50

70 54
68
55
70
59
72
60
63
51
62
48

72 70 52

68 53
67
56

48

59

58
72
53

70 68 58

67 50
65
51
67
58
68
51
72
55
71
56

68 67 51

65 48
63
49

50

51
64
53
65
72 54

72 55

50

55

63 59

60

62 55

70 48

54

53

53

60

59

58

71 58

72 53
63
54
63
55

50

55
63
59

48
65
51
63
55

54

53

55
63
56

62 72 57

70 58
68
58
70
53
72
50
63
51
62
50

72 70 48

68 49
67
50

53

55

59
72
60

70 68 55

67 48
65
52
67
53
68
56
72
60
71
59

68 67 58

65 53
63
58

50

51
64
55
65
72 58

72 57

56

51

63 48

51

62 50

70 51

53

54

55

50

55

59

62 48

63 55
68
60
68
54

53

60
72
53

59
70
58
68
58

67 53

50

51

58

51

56

63 55

59
62 72
48
70
68 54

70 53

72 56

63 48

62 57

58
72 70
53
68
67 58

50

51

55

72 58

62
70 68
50
67
65 54

67 55

68 59

72 60

71 51

48
68 67
52
65
63 53

56

48

64 59

65 58
72
53
72
58

50

51
63
58

51
62
55
67
56

51

48

49
67
50

51

53
63
54
65
72 55

72 50

55

72 59

60

62 55

65 48

63 54

53

53

60

63 59

58

58

53

54

55

58

55

59

60

51

55

54

53

56

53

59

58

53

58

50

51

53

55

58

51




