65
67
69 50

57

62

67 57
65
67 48
72
55

60

70 55
69
65 58

62 53

58

53
58
60 48

55

60

65
67
69 50

57

62

70 69 67 65 57
72
48

55

70 60
69
65 55

62 58

53

58
58
60 53

48

55

60

65 55

53
65
65 48

65 53

64 48

65 48

55

60
65
64 55

65 58

53

67 58

69 53

70 69 65 67 53

48

65 48

55
65
65 53

65 48

64 53

65 48

48

55
65
60

55

58

53

58

53

48

55

60
65
55

65 53
65
48
65
53
64
48
65
48

55

65 60
64
55
65
58

53
67
58
69
53
70 69 65 67
53

48
65
48

65 55
65
53
65
48
64
53
65
48

48

65 55
62
60

55

58

64 62 58 60 53

58

53

48

65 55

60

55

50

67 57

62

57

60 48

72 55

60

70 55

58
69
67 53

58

69 53

48
70
69 55

60

67 55

50
65
64 57

65 62

57

65 48

62 55

60

55

58
64 62 58 60
53

58

53

60 48
65
55

60

55

50
67
57

62

57
60
48
72
55

60
70
55

69 58
67
53

58
69
53

70 48
69
55

60
67
55

65 50
64
57
65
62

57
65
48
64
55
65
60

55
67
58
69
53

70 69 67 58

53
65
65 53

48

48

55

53

48

53

48
65
67 53
69
48

53

48
67
65 50
67
72 57

62

57
69
72 48
62
55

60

55

72 58
67
53

58

53

48
65
55

65 60
65
55
65
53
64
48
65
53

48

65 48
64
55
65
60

55
67
58
69
53
70 69 65 67
58

53
65
53

65 48
65
48
65
55
64
53
65
48

53

65 48
60
48

55

60

55

58

53

58

53

65 48

55
65
65 60

65 55

64 53

65 48

53

48
65
64 48

65 55

60

67 55

69 58

70 69 65 67 53

58

65 53

53
65
65 48

65 48

64 55

65 53

48

53
65
62 48

48

55

60
64 62 58 60
55

58

53
65
67 58
69
53

48

55
67
65 60
67
72 55

50

57
70
69 62
65
57
62
48

55

58 60
60
55

58

53
65
67 58
69
53

48

55
70 69 67 65
72 60



50
69
72 57
62
62

57

48
64
55
65
60

55
67
58

53
68
58

53

48

55
70
60

72

65
63
72
63
65

72
61
63

72 70
70
63

70
72
61

61 68
72
61

68
70
63

68 70
67
63
68
70

65
68
72
65
65

72

63

67 65 61 63 70

63

70

61
63
68

61

68

63

70

63

70

63 65

63 72

65

61 72

63
72 61 70
70

63
72
70

61
72
68

61
70
68

68 63
67
70
68
63

70
68
65
67
72
68
65

72
70
63
72
70

61 72 70 63

70
68
68 61

68

61

68

56

63

63

70

56
68 72 63
63

68

63

56

63

68

63

56 60 63 68












































































































































































































































































































































































