69 53 57 60

69

70

72

72 52 55 60

70

69

67

65 53 57 60

65

67

69

69 53 57 60


67
67 52 55 60



69 53 57 60

69

70

72

72 52 55 60

70

69

67

65 53 57 60

65

67

69

67 52 55 60


65
65 53 57 60



67 48

67

69 48 53 57

65

67 48

69
70
69 48 53 57

65

67 48

69
70
69 48 53 57

67

65 59

67

60 48 52 55



69 53 57 60

69

70

72

72 52 55 60

70

69

67

65 53 57 60

65

67

69

67 52 55 60


65
65 53 57 60












































































