60

62

64

67 55 60



64

67 48 52



64

67 55 60





64 48 52

67

64

69 55 60

67



69 48 52

67

64

65 50 55





55 59





71 50 55

72

62

72 55 59

71



69 50 55

71

72

71 55 59





65 50 55

67

69

67 55 59



59

60 48 55





48 52

72

70

69 53 57



65

69 48 52





53 57



71

62 48 52

72

69

67 48 52





64 55 59





48 52



66

69 55 59

67

64

67 50 55



62

67 55 59





50 55

62

64

65 55 59



59

60 48 52

60

60

55
60

60

62
50 55
62

64

65
55

57
59
59
60
48 52
60

60

55
60

60

60 64 67

48 52 55








