65
67
69 50

57

62

67 57
65
67 48
72
55

60

70 55
69
65 58

62 53

58

53
58
60 48

55

60

65
67
69 50

57

62

70 69 67 65 57
72
48

55

70 60
69
65 55

62 58

53

58
58
60 53

48

55

60

65 55

53
65
65 48

65 53

64 48

65 48

55

60
65
64 55

65 58

53

67 58

69 53

70 69 65 67 53

48

65 48

55
65
65 53

65 48

64 53

65 48

48

55
65
60

55

58

53

58

53

48

55

65 60

55
65
65 53

65 48

64 53

65 48

48

55
65
64 60

65 55

58

67 53

69 58

70 69 65 67 53

53

65 48

48
65
65 55

65 53

64 48

65 53

48

48
65
62 55

60

55

64 62 58 60

53

58

53

65 48

55

60

55

67 50

57

62

60 57

72 48

55

70 60

55
69
67 58

53

69 58

53
70
69 48

55

67 60

55
65
64 50

65 57

62

65 57

62 48

55

60

64 62 58 60 55

58

53

58
60
65 53

48

55

60

67 55

50

57

60 62

72 57

48

70 55

60
69
67 55

58

69 53

58
70
69 53

48

67 55

60
65
64 55

65 50

57

65 62

64 57

65 48

55

67 60

69 55

58
70 69 67
53

65 58
65
53

53

48

48

55

53

48
65
67 53
69
48

53

48
67
65 53
67
72 48

50

57
69
72 62
62
57

48

55

72 60
67
55

58

53

58
65
53

65 48
65
55
65
60
64
55
65
53

48

65 53
64
48
65
48

55
67
60
69
55
70 69 65 67
58

53
65
58

65 53
65
53
65
48
64
48
65
55

53

65 48
60
53

48

48

55

60

55

58

53
65
58

65 53
65
48
65
55
64
60
65
55

53

65 48
64
53
65
48

48
67
55
69
60
70 69 65 67
55

58
65
53

65 58
65
53
65
53
64
48
65
48

55

65 53
62
48

53

48
64 62 58 60
48

55

60
65
67 55
69
58

53

58
67
65 53
67
72 48

55

60
70
69 55
65
50
62
57

62

58 57
60
48

55

60
65
67 55
69
58

53

58
70 69 67 65
72 53

48

55
69
72 60
62


50

57
64
62
65
57

48
67
55

60
68
55

58

53

58
70
53

48

55
63
60
63
72

65
61
72

72 65
70
72

63
72
70

61 63
72
70

61
70
68

68 61
67
68
68
63

70
68
63
65
70

65

72
67 65 61 63
65

72

63

63 70
68
63

70

61

68
70
61

68

63
63
70
63
63

70
61
65

72 61 70

65

72

63
61
72 70

63

70

61
68
67 68

68 61

68

68 63

67 70

68 63

70

70 65

72

65
61 72 70
72

68 63
68
70

63

70

61

68

61

68

56
68 72 63
63

63

70

56

63

68

63

56

63

68

63

56 60 63 68












